Volatility Foundation Volatility Framework 2.6.1
Legend: (S) = Stable   (V) = Volatile

----------------------------
Registry: \REGISTRY\MACHINE\SYSTEM
Key name: MountedDevices (S)
Last updated: 2019-01-06 15:02:54 UTC+0000

Subkeys:

Values:
REG_BINARY    \DosDevices\C:  : (S) 
0x00000000  cd d7 ee 50 00 00 10 00 00 00 00 00               ...P........
REG_BINARY    \??\Volume{a5b8a980-608c-11e5-a266-806e6f6e6963} : (S) 
0x00000000  cd d7 ee 50 00 00 10 00 00 00 00 00               ...P........
REG_BINARY    \DosDevices\D:  : (S) 

REG_BINARY    \DosDevices\E:  : (S) 
0x00000000  5c 00 3f 00 3f 00 5c 00 49 00 44 00 45 00 23 00   \.?.?.\.I.D.E.#.
0x00000010  43 00 64 00 52 00 6f 00 6d 00 56 00 42 00 4f 00   C.d.R.o.m.V.B.O.
0x00000020  58 00 5f 00 43 00 44 00 2d 00 52 00 4f 00 4d 00   X._.C.D.-.R.O.M.
0x00000030  5f 00 5f 00 5f 00 5f 00 5f 00 5f 00 5f 00 5f 00   _._._._._._._._.
0x00000040  5f 00 5f 00 5f 00 5f 00 5f 00 5f 00 5f 00 5f 00   _._._._._._._._.
0x00000050  5f 00 5f 00 5f 00 5f 00 5f 00 5f 00 5f 00 5f 00   _._._._._._._._.
0x00000060  5f 00 5f 00 5f 00 5f 00 5f 00 31 00 2e 00 30 00   _._._._._.1...0.
0x00000070  5f 00 5f 00 5f 00 5f 00 5f 00 23 00 35 00 26 00   _._._._._.#.5.&.
0x00000080  33 00 39 00 34 00 63 00 30 00 61 00 64 00 33 00   3.9.4.c.0.a.d.3.
0x00000090  26 00 30 00 26 00 30 00 2e 00 31 00 2e 00 30 00   &.0.&.0...1...0.
0x000000a0  23 00 7b 00 35 00 33 00 66 00 35 00 36 00 33 00   #.{.5.3.f.5.6.3.
0x000000b0  30 00 64 00 2d 00 62 00 36 00 62 00 66 00 2d 00   0.d.-.b.6.b.f.-.
0x000000c0  31 00 31 00 64 00 30 00 2d 00 39 00 34 00 66 00   1.1.d.0.-.9.4.f.
0x000000d0  32 00 2d 00 30 00 30 00 61 00 30 00 63 00 39 00   2.-.0.0.a.0.c.9.
0x000000e0  31 00 65 00 66 00 62 00 38 00 62 00 7d 00         1.e.f.b.8.b.}.
REG_BINARY    \??\Volume{a5b8a985-608c-11e5-a266-806e6f6e6963} : (S) 
0x00000000  5c 00 3f 00 3f 00 5c 00 46 00 44 00 43 00 23 00   \.?.?.\.F.D.C.#.
0x00000010  47 00 45 00 4e 00 45 00 52 00 49 00 43 00 5f 00   G.E.N.E.R.I.C._.
0x00000020  46 00 4c 00 4f 00 50 00 50 00 59 00 5f 00 44 00   F.L.O.P.P.Y._.D.
0x00000030  52 00 49 00 56 00 45 00 23 00 35 00 26 00 33 00   R.I.V.E.#.5.&.3.
0x00000040  61 00 61 00 33 00 39 00 34 00 37 00 65 00 26 00   a.a.3.9.4.7.e.&.
0x00000050  30 00 26 00 30 00 23 00 7b 00 35 00 33 00 66 00   0.&.0.#.{.5.3.f.
0x00000060  35 00 36 00 33 00 30 00 64 00 2d 00 62 00 36 00   5.6.3.0.d.-.b.6.
0x00000070  62 00 66 00 2d 00 31 00 31 00 64 00 30 00 2d 00   b.f.-.1.1.d.0.-.
0x00000080  39 00 34 00 66 00 32 00 2d 00 30 00 30 00 61 00   9.4.f.2.-.0.0.a.
0x00000090  30 00 63 00 39 00 31 00 65 00 66 00 62 00 38 00   0.c.9.1.e.f.b.8.
0x000000a0  62 00 7d 00                                       b.}.
REG_BINARY    \??\Volume{762f4ebc-60ea-11e5-83af-806e6f6e6963} : (S) 
0x00000000  5c 00 3f 00 3f 00 5c 00 49 00 44 00 45 00 23 00   \.?.?.\.I.D.E.#.
0x00000010  43 00 64 00 52 00 6f 00 6d 00 56 00 42 00 4f 00   C.d.R.o.m.V.B.O.
0x00000020  58 00 5f 00 43 00 44 00 2d 00 52 00 4f 00 4d 00   X._.C.D.-.R.O.M.
0x00000030  5f 00 5f 00 5f 00 5f 00 5f 00 5f 00 5f 00 5f 00   _._._._._._._._.
0x00000040  5f 00 5f 00 5f 00 5f 00 5f 00 5f 00 5f 00 5f 00   _._._._._._._._.
0x00000050  5f 00 5f 00 5f 00 5f 00 5f 00 5f 00 5f 00 5f 00   _._._._._._._._.
0x00000060  5f 00 5f 00 5f 00 5f 00 5f 00 31 00 2e 00 30 00   _._._._._.1...0.
0x00000070  5f 00 5f 00 5f 00 5f 00 5f 00 23 00 35 00 26 00   _._._._._.#.5.&.
0x00000080  33 00 39 00 34 00 63 00 30 00 61 00 64 00 33 00   3.9.4.c.0.a.d.3.
0x00000090  26 00 30 00 26 00 30 00 2e 00 30 00 2e 00 30 00   &.0.&.0...0...0.
0x000000a0  23 00 7b 00 35 00 33 00 66 00 35 00 36 00 33 00   #.{.5.3.f.5.6.3.
0x000000b0  30 00 64 00 2d 00 62 00 36 00 62 00 66 00 2d 00   0.d.-.b.6.b.f.-.
0x000000c0  31 00 31 00 64 00 30 00 2d 00 39 00 34 00 66 00   1.1.d.0.-.9.4.f.
0x000000d0  32 00 2d 00 30 00 30 00 61 00 30 00 63 00 39 00   2.-.0.0.a.0.c.9.
0x000000e0  31 00 65 00 66 00 62 00 38 00 62 00 7d 00         1.e.f.b.8.b.}.
REG_BINARY    \??\Volume{8358fe6d-60fa-11e5-bb4a-806e6f6e6963} : (S) 
0x00000000  5c 00 3f 00 3f 00 5c 00 49 00 44 00 45 00 23 00   \.?.?.\.I.D.E.#.
0x00000010  43 00 64 00 52 00 6f 00 6d 00 56 00 42 00 4f 00   C.d.R.o.m.V.B.O.
0x00000020  58 00 5f 00 43 00 44 00 2d 00 52 00 4f 00 4d 00   X._.C.D.-.R.O.M.
0x00000030  5f 00 5f 00 5f 00 5f 00 5f 00 5f 00 5f 00 5f 00   _._._._._._._._.
0x00000040  5f 00 5f 00 5f 00 5f 00 5f 00 5f 00 5f 00 5f 00   _._._._._._._._.
0x00000050  5f 00 5f 00 5f 00 5f 00 5f 00 5f 00 5f 00 5f 00   _._._._._._._._.
0x00000060  5f 00 5f 00 5f 00 5f 00 5f 00 31 00 2e 00 30 00   _._._._._.1...0.
0x00000070  5f 00 5f 00 5f 00 5f 00 5f 00 23 00 35 00 26 00   _._._._._.#.5.&.
0x00000080  33 00 39 00 34 00 63 00 30 00 61 00 64 00 33 00   3.9.4.c.0.a.d.3.
0x00000090  26 00 30 00 26 00 30 00 2e 00 31 00 2e 00 30 00   &.0.&.0...1...0.
0x000000a0  23 00 7b 00 35 00 33 00 66 00 35 00 36 00 33 00   #.{.5.3.f.5.6.3.
0x000000b0  30 00 64 00 2d 00 62 00 36 00 62 00 66 00 2d 00   0.d.-.b.6.b.f.-.
0x000000c0  31 00 31 00 64 00 30 00 2d 00 39 00 34 00 66 00   1.1.d.0.-.9.4.f.
0x000000d0  32 00 2d 00 30 00 30 00 61 00 30 00 63 00 39 00   2.-.0.0.a.0.c.9.
0x000000e0  31 00 65 00 66 00 62 00 38 00 62 00 7d 00         1.e.f.b.8.b.}.
REG_BINARY    \??\Volume{421e7e52-11dd-11e9-b3cf-08002709e15d} : (S) 
0x00000000  5f 00 3f 00 3f 00 5f 00 55 00 53 00 42 00 53 00   _.?.?._.U.S.B.S.
0x00000010  54 00 4f 00 52 00 23 00 44 00 69 00 73 00 6b 00   T.O.R.#.D.i.s.k.
0x00000020  26 00 56 00 65 00 6e 00 5f 00 47 00 65 00 6e 00   &.V.e.n._.G.e.n.
0x00000030  65 00 72 00 61 00 6c 00 26 00 50 00 72 00 6f 00   e.r.a.l.&.P.r.o.
0x00000040  64 00 5f 00 55 00 44 00 69 00 73 00 6b 00 26 00   d._.U.D.i.s.k.&.
0x00000050  52 00 65 00 76 00 5f 00 35 00 2e 00 30 00 30 00   R.e.v._.5...0.0.
0x00000060  23 00 36 00 26 00 31 00 62 00 65 00 63 00 30 00   #.6.&.1.b.e.c.0.
0x00000070  66 00 34 00 38 00 26 00 30 00 26 00 5f 00 26 00   f.4.8.&.0.&._.&.
0x00000080  30 00 23 00 7b 00 35 00 33 00 66 00 35 00 36 00   0.#.{.5.3.f.5.6.
0x00000090  33 00 30 00 37 00 2d 00 62 00 36 00 62 00 66 00   3.0.7.-.b.6.b.f.
0x000000a0  2d 00 31 00 31 00 64 00 30 00 2d 00 39 00 34 00   -.1.1.d.0.-.9.4.
0x000000b0  66 00 32 00 2d 00 30 00 30 00 61 00 30 00 63 00   f.2.-.0.0.a.0.c.
0x000000c0  39 00 31 00 65 00 66 00 62 00 38 00 62 00 7d 00   9.1.e.f.b.8.b.}.
REG_BINARY    \DosDevices\F:  : (S) 
0x00000000  5f 00 3f 00 3f 00 5f 00 55 00 53 00 42 00 53 00   _.?.?._.U.S.B.S.
0x00000010  54 00 4f 00 52 00 23 00 44 00 69 00 73 00 6b 00   T.O.R.#.D.i.s.k.
0x00000020  26 00 56 00 65 00 6e 00 5f 00 47 00 65 00 6e 00   &.V.e.n._.G.e.n.
0x00000030  65 00 72 00 61 00 6c 00 26 00 50 00 72 00 6f 00   e.r.a.l.&.P.r.o.
0x00000040  64 00 5f 00 55 00 44 00 69 00 73 00 6b 00 26 00   d._.U.D.i.s.k.&.
0x00000050  52 00 65 00 76 00 5f 00 35 00 2e 00 30 00 30 00   R.e.v._.5...0.0.
0x00000060  23 00 36 00 26 00 31 00 62 00 65 00 63 00 30 00   #.6.&.1.b.e.c.0.
0x00000070  66 00 34 00 38 00 26 00 30 00 26 00 5f 00 26 00   f.4.8.&.0.&._.&.
0x00000080  30 00 23 00 7b 00 35 00 33 00 66 00 35 00 36 00   0.#.{.5.3.f.5.6.
0x00000090  33 00 30 00 37 00 2d 00 62 00 36 00 62 00 66 00   3.0.7.-.b.6.b.f.
0x000000a0  2d 00 31 00 31 00 64 00 30 00 2d 00 39 00 34 00   -.1.1.d.0.-.9.4.
0x000000b0  66 00 32 00 2d 00 30 00 30 00 61 00 30 00 63 00   f.2.-.0.0.a.0.c.
0x000000c0  39 00 31 00 65 00 66 00 62 00 38 00 62 00 7d 00   9.1.e.f.b.8.b.}.
